index,station_no,class,Diff,name,lat,lng
0,1,0,0.0,捷運市政府站(3號出口),25.04085789,121.5679044
1,61,1,29268.0,台灣科技大學,25.0131,121.539723
2,36,2,50919.0,臺大資訊大樓,25.02101,121.54153000000001
3,500101022,3,74497.0,捷運公館站(2號出口),25.01491,121.53438
4,134,4,92522.0,捷運芝山站(2號出口),25.103360000000002,121.52262900000001
5,97,5,108865.0,捷運劍潭站(2號出口),25.082825,121.524721
6,132,6,125658.0,羅斯福新生南路口,25.01603085,121.5331757
7,6,7,145955.0,臺北南山廣場,25.034047,121.565973
8,5,8,161916.0,興雅國中,25.03656389,121.56866389999999
9,45,9,175803.0,捷運公館站(2號出口),25.01476,121.53453799999998
10,291,10,189531.0,捷運松山站(3號出口),25.049616,121.577459
11,78,11,202910.0,捷運圓山站(2號出口),25.071824,121.519287
12,94,12,215348.0,捷運景美站,24.993254,121.541059
13,202,13,226787.0,捷運關渡站,25.124646,121.46733600000002
14,49,14,243579.0,龍門廣場,25.040901,121.548252
15,175,15,254295.0,捷運南京復興站(5號出口),25.051617999999998,121.544847
16,12,16,266922.0,臺北醫學大學,25.026679,121.561747
17,117,17,281198.0,捷運北投站,25.132581,121.498618
18,93,18,293052.0,吳興公車總站,25.023877,121.56983600000001
19,152,19,305450.0,百齡國小,25.08521,121.519175
20,313,20,318855.0,光華商場,25.04515,121.532738
21,215,21,331321.0,捷運北門站(3號出口),25.04993,121.51036699999999
22,293,22,342152.0,自來水園區,25.013284,121.53003700000001
23,139,23,352805.0,永樂市場,25.054501000000002,121.510549
24,119,24,365519.0,捷運劍南路站(2號出口),25.08418,121.555116
25,27,25,376244.0,捷運南港展覽館站(5號出口),25.05469,121.61668999999999
26,289,26,385786.0,牯嶺公園,25.023377,121.51883500000001
27,364,27,396655.0,嘉興公園,25.02109,121.55219
28,67,28,408846.0,捷運臺大醫院(4號出口),25.042973,121.516428
29,115,29,419067.0,臺北轉運站,25.048222,121.520526
30,164,30,430486.0,捷運奇岩站,25.126286,121.500801
31,122,31,441596.0,捷運港墘站(2號出口),25.079666,121.57583999999999
32,279,32,452521.0,南港車站(興華路),25.053432,121.60633100000001
33,88,33,461937.0,捷運象山站,25.032922,121.57087
34,37,34,470981.0,捷運東門站(4號出口),25.0337,121.52898799999998
35,306,35,479929.0,捷運古亭站(6號出口),25.027781,121.52198
36,2,36,491030.0,捷運國父紀念館站(2號出口),25.041254000000002,121.55742
37,173,37,501755.0,捷運松江南京站(7號出口),25.052181,121.53321100000001
38,146,38,514124.0,捷運士林站(2號出口),25.092546,121.526556
39,24,39,524652.0,信義建國路口,25.03293,121.53747
40,87,40,535123.0,捷運大安站,25.033078,121.543057
41,70,41,546528.0,捷運台北101/世貿站,25.032752,121.561645
42,83,42,559386.0,捷運大安森林公園站,25.033344,121.534236
43,30,43,574597.0,基隆長興路口,25.017054,121.544352
44,89,44,585675.0,和平重慶路口,25.027323000000003,121.51638500000001
45,285,45,596485.0,螢橋國小,25.025966,121.51377
46,110,46,608425.0,文湖國小,25.086376,121.56088799999999
47,249,47,616976.0,中華桂林路口,25.037706,121.506624
48,223,48,625203.0,清江國小,25.1274,121.507267
49,22,49,633301.0,松山車站,25.048824,121.57845
50,133,50,641223.0,蘭興公園,25.111839,121.525888
51,112,51,651798.0,捷運新北投站,25.137456,121.503124
52,35,52,660090.0,捷運行天宮站(3號出口),25.059978,121.533302
53,66,53,667866.0,師範大學公館校區,25.007528,121.53718799999999
54,241,54,676973.0,林口公園,25.038943,121.579146
55,13,55,684584.0,福德公園,25.03809,121.58367
56,308,56,695315.0,西松高中,25.055672,121.567127
57,10,57,703836.0,台北市災害應變中心,25.02866111,121.56611670000001
58,301,58,711559.0,林森長春路口,25.055062,121.525383
59,399,59,719206.0,和平龍泉街口,25.026404,121.52946000000001
60,71,60,728856.0,捷運信義安和站(4號出口),25.032985,121.554204
61,270,61,737116.0,雨農國小,25.105429,121.52921699999999
62,108,62,744613.0,臺北孔廟,25.073306,121.51584299999999
63,387,63,753678.0,吳興街260巷,25.0261,121.56316000000001
64,25,64,760916.0,永吉松信路口,25.04543,121.57205
65,62,65,769258.0,南昌公園,25.026826999999997,121.52025800000001
66,138,66,778151.0,捷運永春站(2號出口),25.040557999999997,121.575372
67,54,67,786338.0,臺北市立圖書館(總館),25.028798000000002,121.538073
68,81,68,795537.0,捷運台電大樓站(2號出口),25.020547,121.528552
69,332,69,804060.0,捷運中山站(2號出口),25.05225,121.52193
70,14,70,814646.0,榮星花園,25.064239999999998,121.54037
71,11,71,823133.0,三張犁,25.034937,121.55762
72,181,72,832691.0,建國和平路口,25.02585,121.537383
73,26,73,842905.0,捷運昆陽站(1號出口),25.050142,121.592375
74,275,74,851911.0,西本願寺廣場,25.040988,121.50768799999999
75,20,75,861080.0,捷運科技大樓站,25.025896,121.54329299999999
76,314,76,870223.0,敦化長春路口,25.053614000000003,121.54871999999999
77,65,77,879710.0,青年公園3號出口,25.022725,121.50270800000001
78,84,78,888814.0,復華花園新城,25.029705,121.502899
79,16,79,897958.0,松山家商,25.036084,121.57913500000001
80,162,80,910174.0,捷運中山國小站(4號出口),25.062924,121.52772
81,500119050,81,919411.0,臺大小福樓東側,25.01846,121.5376
82,140,82,927420.0,捷運大橋頭站(2號出口),25.063404000000002,121.51290900000001
83,57,83,937008.0,新生和平路口,25.026217000000003,121.53518999999999
84,32,84,944441.0,捷運六張犁站,25.023884,121.55316100000002
85,307,85,952461.0,仁愛安和路口,25.037570000000002,121.552076
86,63,86,961131.0,仁愛醫院,25.037569,121.54563200000001
87,42,87,968784.0,捷運後山埤站(1號出口),25.04431,121.58174
88,304,88,976427.0,金華公園,25.029902,121.53123500000001
89,31,89,985130.0,辛亥新生路口,25.022413,121.53456000000001
90,114,90,993013.0,蘭雅公園,25.109907999999997,121.53038600000001
91,182,91,1000301.0,捷運古亭站(2號出口),25.0253,121.523537
92,280,92,1010940.0,士林新天地,25.089033999999998,121.51732
93,401,93,1018563.0,南京新生路口,25.051944,121.52766100000001
94,56,94,1027250.0,仁愛林森路口,25.038954,121.52233400000001
95,244,95,1034260.0,復興市民路口,25.045907999999997,121.54373600000001
96,395,96,1042471.0,安強公園,25.036844,121.57541299999998
97,259,97,1049696.0,南京遼寧街口,25.051761,121.54216799999999
98,187,98,1056307.0,仁愛延吉街口,25.037465,121.555769
99,85,99,1064439.0,信義敦化路口,25.033362,121.54911000000001
100,311,100,1071256.0,捷運忠孝新生站(2號出口),25.042392,121.532229
101,500101001,101,1078357.0,捷運科技大樓站,25.02605,121.5436
102,172,102,1085472.0,捷運南京三民站(1號出口),25.051562,121.562891
103,183,103,1092839.0,圓環站,25.05379,121.514179
104,218,104,1100546.0,松山高中,25.043298999999998,121.564108
105,60,105,1107643.0,中山行政中心,25.064317000000003,121.53348700000001
106,231,106,1115904.0,內政部營建署,25.047805,121.545022
107,52,107,1122532.0,建國長春路口,25.054761,121.536925
108,294,108,1129409.0,朱崙商場,25.047617000000002,121.54043100000001
109,29,109,1136197.0,金山愛國路口,25.03164,121.52655
110,104,110,1145649.0,台北花木批發市場,25.004023,121.54073999999999
111,79,111,1153476.0,捷運民權西路站(3號出口),25.061285,121.520205
112,404,112,1163280.0,民族延平路口,25.068653,121.51056899999999
113,403,113,1170377.0,捷運內湖站(1號出口),25.083868,121.593929
114,118,114,1177828.0,大業大同街口,25.136929000000002,121.499152
115,169,115,1185489.0,植物園,25.030015,121.509813
116,303,116,1195758.0,安泰街83巷,25.076691,121.617085
117,76,117,1203404.0,新生長春路口,25.056387,121.52752199999999
118,500119048,118,1210846.0,臺大大一女舍北側,25.01547,121.53436
119,103,119,1217782.0,萬華車站,25.033639,121.503028
120,176,120,1225076.0,興安華城,25.055997,121.542318
121,92,121,1233160.0,開封西寧路口,25.046618,121.50716899999999
122,287,122,1239722.0,第二果菜批發市場,25.066423999999998,121.53735400000001
123,135,123,1246458.0,捷運石牌站(2號出口),25.114513,121.515677
124,388,124,1253274.0,景華街128巷口,24.995563,121.54709199999999
125,40,125,1261232.0,玉成公園,25.04287,121.5864
126,357,126,1268190.0,松友公園,25.034229999999997,121.57636000000001
127,75,127,1275672.0,基隆光復路口,25.0300508,121.557635
128,251,128,1282374.0,華齡公園,25.083023,121.520692
129,312,129,1289551.0,捷運信義安和站(1號出口),25.033323,121.55278700000001
130,389,130,1297434.0,福德國小,25.038324,121.58624499999999
131,149,131,1304552.0,北投運動中心,25.116665,121.509621
132,261,132,1313780.0,健康新城,25.054095,121.560928
133,257,133,1321018.0,錦德公園,25.023316,121.49263700000002
134,68,134,1328414.0,國興青年路口,25.025865,121.50653600000001
135,147,135,1334950.0,士林運動中心,25.089175,121.52181399999999
136,225,136,1342135.0,臥龍樂業街口,25.0186,121.55483899999999
137,344,137,1350217.0,捷運忠孝復興站(5號出口),25.04264,121.54401000000001
138,500101027,138,1358605.0,臺灣科技大學後門,25.01182,121.54165
139,309,139,1365376.0,三軍總醫院(松山分院),25.054470000000002,121.55609799999999
140,86,140,1371543.0,民權復興路口,25.062344,121.545138
141,144,141,1379285.0,國立政治大學,24.988363,121.576536
142,500119049,142,1388355.0,臺大女九舍西南側,25.019370000000002,121.53902
143,361,143,1395697.0,振興醫院,25.1177,121.5222
144,226,144,1402195.0,向陽南港路口,25.054365,121.594228
145,127,145,1408493.0,東湖國中,25.073276999999997,121.61952099999999
146,500119067,146,1417399.0,臺大社科院西側,25.020529999999997,121.54145
147,500119071,147,1424043.0,臺大計資中心南側,25.02036,121.53992
148,155,148,1430631.0,瑞光港墘路口,25.076193,121.57505
149,189,149,1439624.0,金瑞公園(金龍路),25.087987,121.58781
150,386,150,1447185.0,錦州吉林路口,25.06029,121.52981000000001
151,156,151,1453133.0,東湖國小,25.06853,121.61538
152,121,152,1458537.0,龍江南京路口,25.052979999999998,121.540568
153,236,153,1465004.0,關渡自然公園,25.119292,121.46913799999999
154,500101028,154,1470914.0,臺大醫學院附設癌醫中心,25.01426,121.54382
155,372,155,1477948.0,重慶民族路口,25.06825,121.51359
156,113,156,1483816.0,仁愛逸仙路口,25.037724,121.561178
157,300,157,1490160.0,信義基隆路口,25.033209,121.55873100000001
158,340,158,1495395.0,南京光復路口,25.05143,121.55716000000001
159,222,159,1500334.0,撫順公園,25.064107999999997,121.522065
160,258,160,1506190.0,聯合醫院中興院區,25.052096,121.507979
161,351,161,1513926.0,中山青島路口,25.04469,121.51953999999999
162,248,162,1520220.0,喬治工商,25.027123,121.55556599999998
163,363,163,1527279.0,復興南路一段340巷口,25.036170000000002,121.5435
164,194,164,1532968.0,市民林森路口,25.047957999999998,121.52438799999999
165,129,165,1538710.0,捷運文德站(2號出口),25.078424,121.58456000000001
166,253,166,1545847.0,芝山抽水站,25.101423,121.52798999999999
167,4,167,1552488.0,市民廣場,25.03603611,121.562325
168,9,168,1560410.0,松德站,25.031785,121.57448000000001
169,500119052,169,1566908.0,臺大工綜館南側,25.01857,121.54059
170,500101032,170,1572957.0,臺大男一舍前,25.016370000000002,121.54535
171,230,171,1578905.0,湖光國宅,25.075366,121.58081100000001
172,297,172,1584439.0,長沙公園,25.041701999999997,121.499922
173,33,173,1592948.0,中崙高中,25.048779999999997,121.56087
174,19,174,1598954.0,象山公園,25.02863,121.56981
175,130,175,1604464.0,羅斯福寧波東街口,25.031445,121.519411
176,400,176,1610766.0,和平敦化路口,25.02444,121.549076
177,153,177,1615838.0,蔣渭水紀念公園,25.059885,121.516299
178,310,178,1622043.0,國立臺北大學(臺北校區),25.057923000000002,121.542732
179,232,179,1627890.0,中山天母路口,25.118843,121.529738
180,213,180,1634579.0,蘭雅國小,25.107782,121.52310700000001
181,331,181,1640067.0,民族玉門街口,25.06859,121.51973999999998
182,338,182,1645763.0,成德國中,25.04573,121.58793999999999
183,362,183,1651110.0,和平金山路口,25.02672,121.52533000000001
184,286,184,1656501.0,德明財經科技大學,25.086372,121.56571299999999
185,148,185,1662986.0,捷運明德站,25.110331,121.518316
186,255,186,1668411.0,光復南路22巷口,25.046914,121.557674
187,315,187,1673888.0,捷運萬隆站(1號出口),25.001447,121.53903700000001
188,95,188,1680184.0,東園國小,25.023393,121.497679
189,250,189,1686677.0,忠孝東路三段217巷口,25.04184,121.539873
190,396,190,1692235.0,新東街51巷口,25.061501,121.563318
191,298,191,1699803.0,太原五原路口,25.056458,121.516976
192,373,192,1705510.0,中崙福成宮,25.04525,121.54663500000001
193,360,193,1711839.0,民權建國路口,25.062520000000003,121.53753999999999
194,18,194,1717567.0,臺北市藝文推廣處,25.049408,121.55261000000002
195,292,195,1723024.0,合心廣場,25.046360999999997,121.582848
196,352,196,1728368.0,民權迪化街口,25.06318,121.50943999999998
197,379,197,1734319.0,春光公園,25.042619000000002,121.58076200000001
198,159,198,1740052.0,捷運西湖站(1號出口),25.082866,121.566695
199,321,199,1745546.0,莒光大埔街口,25.031334,121.50508500000001
200,500119043,200,1751594.0,臺大男八舍東側,25.01729,121.54531000000001
201,500101026,201,1757475.0,公館公園,25.01137,121.54061999999999
202,224,202,1765004.0,社正公園,25.088243,121.510535
203,208,203,1769480.0,龍山國小,25.035555,121.495342
204,77,204,1775109.0,民生活動中心,25.059147,121.56296999999999
205,385,205,1780667.0,和興路26巷口,24.9856,121.54531000000001
206,237,206,1786765.0,文山第二行政中心,25.001148999999998,121.551418
207,125,207,1792565.0,華西公園,25.038609,121.49849499999999
208,205,208,1799329.0,木柵光輝路口,24.988241,121.55561000000002
209,98,209,1804235.0,羅斯福景隆街口,24.999378,121.54019699999999
210,168,210,1809350.0,河堤國小,25.022879999999997,121.522855
211,178,211,1818003.0,延平國宅,25.078908,121.510306
212,317,212,1823119.0,雙園國中,25.026823,121.491675
213,193,213,1828067.0,舊莊區民活動中心,25.041276999999997,121.61935
214,326,214,1833866.0,基隆路一段101巷口,25.04525,121.56709
215,318,215,1838820.0,成功金龍路口,25.084135,121.59483999999999
216,8,216,1844510.0,世貿三館,25.03521389,121.5636889
217,53,217,1849854.0,八德市場,25.044781,121.53660900000001
218,106,218,1855125.0,西園艋舺路口,25.032932000000002,121.497674
219,90,219,1860551.0,老松國小,25.037782999999997,121.50170800000001
220,397,220,1865715.0,劍潭海外青年活動中心,25.079603,121.5237
221,290,221,1870940.0,新生公園,25.068387,121.530188
222,333,222,1876198.0,復盛公園,25.047428,121.561182
223,28,223,1881355.0,五常公園,25.04814,121.57467
224,188,224,1887862.0,社子國小,25.090293,121.50188999999999
225,170,225,1893230.0,新東公園,25.059245,121.56888300000001
226,166,226,1899005.0,臺北市立景美女中,24.980601999999998,121.556177
227,324,227,1903809.0,市立圖書館葫蘆堵分館,25.08221,121.5108
228,348,228,1908531.0,民生立體停車場,25.058522,121.55941999999999
229,161,229,1913643.0,大豐公園,25.131142999999998,121.503768
230,203,230,1918750.0,古亭國中,25.024487,121.51057
231,41,231,1925074.0,中研公園,25.047425,121.61370600000001
232,322,232,1929990.0,永盛公園(民生東路一段23巷),25.058835000000002,121.52503999999999
233,316,233,1935011.0,民有一號公園,25.060910999999997,121.54763
234,354,234,1939839.0,建國濟南路口,25.040032999999998,121.53808400000001
235,51,235,1944920.0,建國農安街口,25.065031,121.536775
236,391,236,1949749.0,景仁公園,24.9966,121.540295
237,500119087,237,1956365.0,臺大總圖書館西南側,25.0169,121.54031
238,227,238,1960990.0,麗山高中,25.084244,121.57668000000001
239,142,239,1966253.0,捷運木柵站,24.997996,121.57444
240,268,240,1971224.0,南港高工,25.056655,121.607055
241,143,241,1976607.0,捷運動物園站(2號出口),24.997659,121.57875200000001
242,206,242,1981635.0,捷運辛亥站,25.005385999999998,121.55716000000001
243,201,243,1986917.0,東陽公園,25.057164,121.597924
244,336,244,1991142.0,承德路三段8巷口,25.06382,121.51815
245,44,245,1995835.0,捷運南港軟體園區站(2號出口),25.05973,121.61618700000001
246,192,246,2000941.0,捷運葫洲站(1號出口),25.072485,121.607955
247,214,247,2005526.0,基河一期國宅,25.055935,121.578645
248,171,248,2010077.0,文山運動中心,24.996842,121.559651
249,216,249,2015102.0,培英公園,25.082553,121.544601
250,124,250,2019528.0,振華公園,25.115863,121.51816299999999
251,274,251,2024246.0,扶輪親恩公園,25.066997,121.57983300000001
252,500101010,252,2030273.0,新生南路三段82號前,25.01894,121.53361000000001
253,500119079,253,2034775.0,臺大一號館,25.01698,121.53455
254,157,254,2039668.0,麗山國小,25.082703,121.571467
255,212,255,2044450.0,北安大直街口,25.084223,121.549452
256,337,256,2050112.0,彩虹橋,25.05301,121.57592
257,500101009,257,2055289.0,新生南路三段66號前,25.01976,121.53383999999998
258,500101023,258,2059259.0,第二學生活動中心,25.012439999999998,121.53661000000001
259,209,259,2063519.0,捷運復興崗站,25.137837,121.486071
260,365,260,2067862.0,陽明大學,25.119120000000002,121.51223
261,323,261,2072035.0,新興公園,25.061567999999998,121.52439199999999
262,500101031,262,2077181.0,臺大男七舍前,25.01537,121.54698
263,500119058,263,2080988.0,臺大舊體育館西側,25.0198,121.53583
264,136,264,2085024.0,國立臺北護理健康大學,25.117457,121.51668000000001
265,500119051,265,2089485.0,臺大立體機車停車場,25.01616,121.54251000000001
266,358,266,2094462.0,新明成功路口,25.060579999999998,121.5911
267,228,267,2099378.0,捷運萬芳社區站,24.998811,121.56788999999999
268,393,268,2103427.0,內溝溪生態展示館,25.087217000000003,121.623062
269,500101005,269,2108675.0,辛亥復興路口西北側,25.02153,121.54298999999999
270,500119070,270,2112621.0,臺大椰林小舖,25.015610000000002,121.53583
271,500119076,271,2117350.0,臺大博理館西側,25.01922,121.54195
272,500101034,272,2121231.0,臺大動物醫院前,25.01576,121.54291
273,500119047,273,2124839.0,臺大土木系館,25.01761,121.53844
274,500119078,274,2128197.0,臺大森林館北側,25.017039999999998,121.53888
275,500119046,275,2132927.0,臺大管理學院二館北側,25.01355,121.53673
276,500119060,276,2136524.0,臺大共同教室東南側,25.01566,121.53786000000001
277,500119055,277,2140028.0,臺大樂學館東側,25.01793,121.53585
278,500119044,278,2142943.0,臺大仰萃樓東南側,25.01408,121.53759
279,500101036,279,2146657.0,臺大萬才館前,25.02032,121.54496999999999
280,500119086,280,2150071.0,臺大圖資系館北側,25.01804,121.53928
281,500119054,281,2153460.0,臺大心理系館南側,25.01941,121.5404
282,500119068,282,2156827.0,臺大社會系館南側,25.01987,121.54175
283,381,283,2161086.0,民權東路六段15巷,25.06853,121.578125
284,330,284,2165667.0,迪化休閒運動公園,25.07491,121.5115
285,500101003,285,2169331.0,國北教大實小東側門,25.02429,121.54123999999999
286,243,286,2173321.0,社子公園,25.090201999999998,121.50621899999999
287,43,287,2177243.0,凌雲市場,25.035639,121.614154
288,500101091,288,2181806.0,國北教大側門南側,25.022864000000002,121.546622
289,207,289,2186651.0,福安國中,25.103242,121.487477
290,500101030,290,2190703.0,臺大永齡生醫工程館,25.0136,121.54656000000001
291,335,291,2193991.0,景文中學,24.986301,121.56785500000001
292,260,292,2197229.0,民權瑞光路口,25.068616,121.583991
293,402,293,2201709.0,下灣公園,25.065159,121.595611
294,374,294,2205062.0,麗湖國小,25.073322,121.602225
295,500119084,295,2208887.0,臺大鄭江樓北側,25.019000000000002,121.54305
296,500101035,296,2212302.0,臺大土木研究大樓前,25.017870000000002,121.5476
297,500119081,297,2214880.0,臺大教研館北側,25.013370000000002,121.53908999999999
298,500119059,298,2217435.0,臺大共同教室北側,25.01595,121.53791000000001
299,500119089,299,2220393.0,臺大獸醫館南側,25.01791,121.54241999999999
300,500119074,300,2222698.0,臺大生命科學館西北側,25.01548,121.53825
301,500119064,301,2225398.0,臺大明達館機車停車場,25.01754,121.54398
302,500119008,302,2228789.0,臺大檔案展示館,25.01391,121.52895
303,500119072,303,2231381.0,臺大原分所北側,25.018810000000002,121.53868
304,500119069,304,2234150.0,臺大思亮館東南側,25.02074,121.53906
305,196,305,2237549.0,新湖國小,25.068744,121.58923300000001
306,246,306,2240248.0,國立故宮博物院,25.098743,121.54808600000001
307,500119056,307,2243157.0,臺大農化新館西側,25.016270000000002,121.53535
308,500101004,308,2245761.0,和平公園東側,25.02351,121.54281999999999
309,500101007,309,2248626.0,復興南路二段340巷口,25.02253,121.54326
310,500101015,310,2251139.0,大安運動中心停車場,25.020348000000002,121.546446
311,500101019,311,2253660.0,和平臥龍街口,25.024461,121.546705
312,500101006,312,2256393.0,復興南路二段280號前,25.02429,121.54328000000001
313,500119063,313,2259331.0,臺大第二行政大樓南側,25.016029999999997,121.53635
314,500119065,314,2261742.0,臺大二號館,25.01699,121.53573999999999
315,500101008,315,2264220.0,新生南路三段52號前,25.02112,121.53407
316,500101092,315,2264220.0,和平實小東北側,25.021641,121.54704
317,269,316,2266644.333333333,三軍總醫院,25.070723,121.590304
318,500101018,316,2266644.333333333,溫州公園,25.01895,121.53156000000001
319,500101093,316,2266644.333333333,大安區健康服務中心,25.021469,121.544069
320,47,317,2268952.083333333,捷運忠孝新生站(4號出口),25.042275,121.53393899999999
321,99,317,2268952.083333333,捷運雙連站(2號出口),25.057866,121.520711
322,101,317,2268952.083333333,華山文創園區,25.043668,121.52848700000001
323,185,317,2268952.083333333,?公公園,25.042342,121.54605
324,240,317,2268952.083333333,南京建國路口,25.052141,121.53680200000001
325,378,317,2268952.083333333,陽光街321巷口,25.073193,121.57869099999999
326,500101002,317,2268952.083333333,復興南路二段273號前,25.02565,121.54356999999999
327,500101017,317,2268952.083333333,羅斯福路三段269巷5號前,25.01913,121.53079
328,500119062,317,2268952.083333333,臺大公館停車場西北側,25.01345,121.53798
329,500101020,317,2268952.083333333,溫州停車場,25.02093,121.5331
330,500119080,317,2268952.083333333,臺大小小福西南側,25.01539,121.53686
331,1289,317,2268952.083333333,忠山市民活動中心,25.078201999999997,121.62449299999999
332,283,318,2271914.166666667,中央北路四段540巷口,25.127959,121.4677
333,500106002,319,2274535.166666667,汀州思源街口東南側,25.014697,121.531908
334,265,320,2277197.166666667,中央北路四段30巷口,25.135394,121.478
335,500119082,321,2280407.166666667,臺大四號館東北側,25.01703,121.53781000000001
336,500119057,322,2282832.166666667,臺大五號館西側,25.01666,121.53718
337,500119073,323,2285630.166666667,臺大校史館南側,25.01751,121.53568999999999
338,500101037,324,2289046.166666667,臺大國青大樓宿舍前,25.02076,121.54432
339,500119007,325,2292124.166666667,臺大水源修齊會館,25.014110000000002,121.52996999999999
340,500101040,326,2296504.166666667,臺大綜合體育館停車場前,25.0222,121.53626000000001
341,356,327,2299156.166666667,臺北市網球中心,25.0674,121.59749
342,211,328,2302657.166666667,星雲金湖街口,25.080915,121.59733899999999
343,500101012,329,2306891.166666667,辛亥路一段30號前,25.01986,121.52982
344,500101016,330,2309797.166666667,羅斯福路三段245號前,25.019270000000002,121.52989
345,500106003,331,2312904.166666667,捷運公館站(1號出口),25.014529,121.534374
346,500101011,332,2315833.166666667,羅斯福路三段333巷9號旁,25.017570000000003,121.53271000000001
347,500101021,333,2319050.166666667,銘傳國小側門,25.01385,121.53549
348,239,334,2321964.166666667,新明路262巷口,25.056641,121.583403
349,180,335,2325515.166666667,福華商場,25.06877,121.59265400000001
350,102,336,2329622.166666667,臺北市客家文化主題公園,25.020429999999998,121.525322
351,141,337,2333218.166666667,文山行政中心,24.989902,121.569984
352,500101013,338,2336679.166666667,和平復興路口西北側,25.02543,121.54332
353,247,339,2340473.166666667,木柵公園,24.987144,121.560627
354,500119006,340,2344754.166666667,臺大卓越研究大樓,25.01466,121.52917
355,325,341,2348551.166666667,南京東路六段368巷,25.05827,121.58707
356,366,342,2352362.166666667,碧湖公園,25.07988,121.58287
357,233,343,2356964.166666667,捷運忠義站,25.131411,121.47415500000001
358,264,344,2360776.166666667,秀山區民活動中心,25.145936,121.49300900000001
359,500101038,345,2365659.166666667,臺大社科院圖書館前,25.02101,121.54283999999998
360,500101039,346,2369274.166666667,臺大法人語言訓練中心前,25.02104,121.54081000000001
361,500101014,347,2373349.166666667,羅斯福路三段311號前,25.01717,121.53201999999999
362,500106004,348,2376492.166666667,捷運公館站(4號出口),25.015069,121.533828
363,500101029,349,2381486.166666667,臺大環研大樓,25.01234,121.54503000000001
364,500119045,350,2386528.166666667,臺大農業陳列館北側,25.01839,121.53403999999999
365,500101041,351,2390612.166666667,辛亥新生路口東南側,25.02218,121.53473999999999
366,390,352,2394825.166666667,稻香重三路口,25.139937,121.489594
367,184,353,2399080.166666667,劍潭社區,25.084759,121.537892
368,500101024,354,2403909.166666667,臺灣科技大學正門,25.01451,121.54142
369,384,355,2408548.166666667,松基公園,25.05491,121.5448
370,383,356,2412913.166666667,一壽橋,24.978479999999998,121.55545
371,256,357,2417618.166666667,中山中正路口,25.096507,121.527526
372,342,358,2421115.166666667,文林建民路口,25.107789999999998,121.51468
373,500101042,359,2424802.166666667,基隆長興路口東側,25.01727,121.54471000000001
374,500101025,360,2428611.166666667,臺灣科技大學側門,25.01295,121.53973
375,500101094,361,2433143.166666667,辛亥泰順街口,25.021929999999998,121.53165
376,355,362,2437470.166666667,福山公園,25.04478,121.61758999999999
377,380,363,2441978.166666667,塔悠疏散門,25.064713,121.567899
378,500106001,364,2446507.166666667,臺北自來水事業處,25.013741,121.53068
379,234,365,2451889.166666667,永欣綠地,25.124162,121.526071
380,278,366,2456681.166666667,明美公園,25.062557,121.58606499999999
381,151,367,2462291.166666667,考試院,24.987507,121.54982700000001
382,284,368,2467245.166666667,華聲公園,25.096166,121.52209599999999
383,50,369,2472030.166666667,民權運動公園,25.062002,121.56018600000002
384,500119009,370,2476428.166666667,臺大水源舍區B棟,25.01525,121.53008999999999
385,500119005,371,2480900.166666667,臺大水源舍區A棟,25.01493,121.53043999999998
386,262,372,2486187.166666667,永安藝文館-表演36房,24.984144,121.56906399999998
387,377,373,2490770.166666667,南港路二段178巷口,25.053675,121.59969299999999
388,319,374,2495903.166666667,民族林森路口,25.068507,121.525322
389,96,375,2500634.166666667,三民公園,25.061567,121.566558
390,267,376,2505083.166666667,八德中坡路口,25.050620000000002,121.58019399999999
391,368,377,2510763.166666667,臺灣戲曲中心,25.102079999999997,121.51978999999999
392,500119077,378,2515413.166666667,臺大博雅館西側,25.0189,121.536
393,398,379,2520839.166666667,聯合醫院陽明院區,25.104546,121.531949
394,500119066,380,2526558.166666667,臺大凝態館南側,25.02157,121.53633
395,73,381,2531400.166666667,酒泉延平路口,25.072228,121.510195
396,500101033,382,2537742.166666667,臺大男六舍前,25.01664,121.5452
397,191,383,2544585.166666667,捷運大湖公園站(2號出口),25.083873,121.60206000000001
398,271,384,2551381.166666667,伊通長安路口,25.048334,121.53469299999999
399,347,385,2556530.166666667,博愛寶慶路口,25.041339999999998,121.51135
400,382,386,2561616.166666667,聯合醫院和平院區,25.03516,121.50639
401,281,387,2566158.166666667,松江公園,25.050245,121.532725
402,328,388,2571309.166666667,一江公園,25.053160000000002,121.53146000000001
403,299,389,2577176.166666667,萬華國中,25.029264,121.499358
404,165,390,2582316.166666667,捷運唭哩岸站(2號出口),25.120788,121.505693
405,116,391,2588106.166666667,福林公園,25.096122,121.53021499999998
406,329,392,2593236.166666667,樂群二明水路口,25.079829999999998,121.55236000000001
407,500119061,393,2599635.166666667,臺大鹿鳴堂東側,25.01511,121.53786000000001
408,500119088,394,2605043.166666667,臺大黑森林西側,25.01995,121.54347
409,500119085,395,2610598.166666667,臺大電機二館東南側,25.01857,121.54247
410,500119090,396,2615283.166666667,臺大新體育館東南側,25.02112,121.53591000000002
411,302,397,2620396.166666667,敦北公園,25.060745999999998,121.550711
412,375,398,2626329.166666667,銘傳大學,25.087714000000002,121.526766
413,254,399,2631395.166666667,立功立德路口,25.125377,121.47148200000001
414,69,400,2637572.166666667,興豐公園,24.999837,121.54777800000001
415,109,401,2643502.166666667,林安泰古厝,25.071606,121.530805
416,370,402,2650894.166666667,新和國小,25.02656,121.50242
417,296,403,2656402.166666667,萬和二號公園,25.001545,121.536446
418,272,404,2662011.166666667,忠順區民活動中心,24.984707,121.563125
419,58,405,2670252.166666667,捷運善導寺站(1號出口),25.045267000000003,121.5222
420,341,406,2676601.166666667,捷運芝山站(1號出口),25.100939999999998,121.52243
421,177,407,2683316.166666667,葫蘆國小,25.082538,121.50749499999999
422,500119083,408,2690612.166666667,臺大新生教室南側,25.0196,121.53846000000001
423,500119053,409,2696883.166666667,臺大天文數學館南側,25.021079999999998,121.53783
424,154,410,2705189.166666667,中正基河路口,25.093396,121.51986699999999
425,343,411,2711507.166666667,忠孝東路六段185巷口,25.049039999999998,121.58755
426,276,412,2719065.166666667,三興公園,25.028679,121.55932
427,277,413,2725032.166666667,中山堂,25.044091,121.51025
428,48,414,2731287.166666667,南港車站(忠孝東路),25.05247,121.608202
429,128,415,2737904.166666667,成功國宅,25.026808,121.546726
430,197,416,2743965.166666667,饒河夜市(八德路側),25.049845,121.57188500000001
431,394,417,2751085.166666667,松德虎林街口,25.038352,121.57624799999999
432,327,418,2758426.166666667,重慶南海路口,25.031579999999998,121.51463999999999
433,123,419,2765070.166666667,天母運動公園,25.116325,121.534136
434,190,420,2772283.166666667,捷運大直站(3號出口),25.079278,121.546683
435,158,421,2777516.166666667,捷運東湖站,25.067026000000002,121.61355
436,145,422,2784136.166666667,樹德公園,25.066688,121.516149
437,282,423,2792581.166666667,富台公園,25.041935000000002,121.571999
438,80,424,2798568.166666667,華江高中,25.02751,121.495869
439,349,425,2805074.166666667,重慶酒泉街口,25.07183,121.51364
440,392,426,2811158.166666667,南京東興路口,25.051489,121.565347
441,295,427,2817483.166666667,敦親公園,25.023473000000003,121.541083
442,350,428,2823124.166666667,復興南路二段128巷口,25.02904,121.54336
443,320,429,2829929.166666667,捷運南京三民站(3號出口),25.051287,121.56426200000001
444,74,430,2836215.166666667,信義連雲街口,25.033817000000003,121.530547
445,273,431,2844711.166666667,芝山國小,25.110437,121.535954
446,359,432,2850881.166666667,健安新城,25.05601,121.56358
447,252,433,2858254.166666667,大安運動中心,25.020544,121.545608
448,59,434,2864969.166666667,林森公園,25.052227,121.525805
449,34,435,2871025.166666667,捷運行天宮站(1號出口),25.058369,121.53293400000001
450,105,436,2878582.166666667,峨嵋停車場,25.044412,121.50540900000001
451,23,437,2886141.166666667,東新國小,25.055073999999998,121.60279799999999
452,345,438,2893049.166666667,中正運動中心,25.03806,121.51943
453,204,439,2899578.166666667,臺北市立大學(天母校區),25.113625,121.53742
454,107,440,2906958.166666667,捷運小南門站(1號出口),25.036402,121.509422
455,137,441,2915138.166666667,國防大學,25.137976000000002,121.49306599999998
456,72,442,2923986.166666667,新生長安路口,25.048610999999998,121.52934599999999
457,367,443,2930896.166666667,豐年公園,25.13597,121.497019
458,263,444,2939604.166666667,至善臨溪路口,25.097103,121.542153
459,353,445,2947968.166666667,紀州庵,25.02088,121.52049
460,376,446,2955614.166666667,民生建國路口,25.057778,121.536915
461,167,447,2963333.166666667,臺北市立天文館,25.095714,121.518046
462,305,448,2972014.166666667,碧山公園,25.087413,121.592253
463,179,449,2979922.166666667,南港公園,25.041355,121.59073000000001
464,369,450,2988060.166666667,世新大學,24.98862,121.54361000000002
465,163,451,2995390.166666667,捷運麟光站,25.018097,121.559279
466,346,452,3003771.166666667,陽明高中,25.09157,121.51669
467,39,453,3011270.166666667,南港世貿公園,25.058000000000003,121.61421999999999
468,217,454,3019066.166666667,臺北花市,25.062645,121.57426699999999
469,91,455,3027904.166666667,市立美術館,25.070629,121.52326799999999
470,100,456,3034833.166666667,金山市民路口,25.045753,121.530697
471,242,457,3041408.166666667,關渡宮,25.117472,121.46316100000001
472,220,458,3048588.166666667,大稻埕公園,25.059162,121.510512
473,229,459,3057702.166666667,市民太原路口,25.049394,121.51461100000002
474,500119075,460,3066999.166666667,臺大第一活動中心西南側,25.01761,121.53995
475,288,461,3075144.166666667,濟南紹興路口,25.041928,121.52459099999999
476,371,462,3084160.166666667,南門國中,25.035320000000002,121.50833999999999
477,339,463,3096490.166666667,重慶國中,25.07581,121.51816000000001
478,219,464,3105989.166666667,大理高中,25.031147,121.49073999999999
479,186,465,3118303.166666667,臺北市立大學,25.035414000000003,121.514218
480,195,466,3127541.166666667,信義杭州路口(中華電信總公司),25.035851,121.523987
481,131,467,3139788.166666667,洲子二號公園,25.079322,121.568688
482,266,468,3146244.166666667,洲子一號公園,25.080257999999997,121.564806
483,235,469,3154553.166666667,市民東興路口,25.048460000000002,121.565928
484,126,470,3162013.166666667,敦化基隆路口,25.022073000000002,121.548336
485,17,471,3169586.166666667,民生光復路口,25.05862,121.55514
486,64,472,3178696.166666667,國家圖書館,25.037773,121.51702900000001
487,150,473,3187081.166666667,松德公園,25.036568,121.57343
488,334,474,3195202.166666667,敦化南路二段103巷口,25.028973,121.549024
489,238,475,3203407.166666667,瑞湖陽光街口,25.073119000000002,121.575965
490,38,476,3213225.166666667,臺灣師範大學(圖書館),25.026603,121.52944
491,245,477,3223104.166666667,捷運中山國中站,25.060632000000002,121.544028
492,7,478,3232589.166666667,信義廣場(台北101),25.03303889,121.56561940000002
493,21,479,3243129.166666667,民生敦化路口,25.057985000000002,121.54898200000001
494,3,480,3252827.166666667,台北市政府,25.03779722,121.56516940000002
495,111,481,3263738.166666667,捷運忠孝復興站(2號出口),25.040184,121.543497
496,174,482,3272872.166666667,捷運小巨蛋站(5號出口),25.051702,121.55305700000001
497,82,483,3282089.166666667,捷運西門站(3號出口),25.041778,121.508693
498,120,484,3293432.166666667,捷運龍山寺站(1號出口),25.035479000000002,121.50026000000001
499,55,485,3303409.166666667,臺北田徑場,25.049505,121.54940800000001
500,221,486,3315440.166666667,泰和公園,25.019276,121.57106999999999
501,210,487,3331021.166666667,樂群二敬業四路口,25.079766,121.55813500000001
502,46,488,3344348.166666667,南港國小,25.056504,121.61138899999999
